0 0.811308
1 0.741538
2 -3.493677
3 -3.644326
4 -3.828701
5 -4.022797
6 -4.246458
7 -4.474821
8 -4.730794
9 -5.006240
10 -5.272111
11 -5.569270
12 -5.907203
13 -6.060929
14 -6.031827
15 -6.008195
16 -6.045673
17 -6.046506
18 -6.041214
19 -6.042313
20 -6.027931
21 -6.023250
22 -6.015757
23 -6.034263
24 -6.005307
25 -6.015399
26 -6.029443
27 -6.050749
28 -6.020872
29 -6.033977
30 -6.054458
31 -6.036570
32 -6.045666
33 -6.035961
34 -6.036943
35 -6.028955
36 -6.028400
37 -6.022163
38 -6.016804
39 -6.018864
40 -6.034841
41 -6.032013
42 -6.020231
43 -6.006032
44 -6.025043
45 -6.031735
46 -6.010090
47 -6.014866
48 -6.007410
49 -6.006891
50 -6.000511
51 -5.972579
52 -5.964044
53 -6.011806
54 -6.009730
55 -5.980149
56 -2.857399
57 -2.646434
58 -2.446027
59 -2.306682
60 -2.197551
61 -1.942765
62 -1.861806
63 -1.789470
64 -1.714218
65 -1.557751
66 -1.461387
67 -1.409511
68 -1.333001
69 -1.192796
70 -1.149491
71 -1.085024
72 -1.071969
73 -1.055139
74 -1.054498
75 -1.052112
76 -1.035953
77 -1.039660
78 -1.027322
79 -1.024704
80 -1.024444
81 -1.006583
82 -1.023409
83 -0.986710
84 -1.014449
85 -1.012090
86 -0.993166
87 -0.975795
88 -0.967077
89 -0.969700
90 -0.956140
91 -0.922334
92 -0.907738
93 -0.931051
94 -0.833793
95 -0.738024
96 -0.659585
97 -0.578776
98 -0.499940
99 -0.428031
100 -0.361031
101 -0.294817
102 -0.221532
103 -0.154761
104 -0.070793
105 -0.004199
106 0.067117
107 0.140628
108 0.207482
109 0.272541
110 0.350313
111 0.418356
112 0.484310
113 0.549785
114 0.625461
115 0.692472
116 0.758101
117 0.823664
118 0.892511
119 0.959096
120 1.020543
121 1.204051
122 1.548240
123 1.660150
124 1.907162
125 2.153893
126 2.400255
127 2.086896
128 2.241786
129 2.400876
130 2.560999
131 2.718717
132 2.885560
133 3.046877
134 3.210634
135 3.379015
136 3.542740
137 3.717205
138 3.885811
139 4.064647
140 4.228806
141 4.407123
142 4.590219
143 4.766688
144 4.961479
145 5.138195
146 5.335862
147 5.545935
148 5.737726
149 5.925454
150 6.032509
151 6.028755
152 6.028550
153 6.007415
154 5.974017
155 5.974925
156 6.059364
157 2.703365
158 2.741098
159 2.784656
160 5.920193
161 5.960187
162 3.336976
163 3.327276
164 2.825857
165 2.857068
166 5.900346
167 3.956569
168 3.924519
169 3.937565
170 3.959084
171 3.934397
172 3.920233
173 3.922563
174 3.914841
175 3.938239
176 3.921271
177 3.930461
178 3.938190
179 3.912729
180 3.920179
181 3.929215
182 3.936960
183 3.931453
184 3.942583
185 3.919106
186 3.933793
187 3.932004
188 3.922749
189 3.927788
190 3.928568
191 3.906101
192 3.898145
193 3.898581
194 3.885136
195 3.909100
196 4.032208
197 4.248940
198 4.559989
199 4.969115
200 5.440775
201 5.932427
202 5.926674
203 5.932344
204 5.939645
205 5.942019
206 5.932898
207 5.902447
208 5.903164
209 5.912066
210 5.899669
211 5.892185
212 5.883066
213 5.856051
214 5.843714
215 5.871819
216 5.852888
217 5.835571
218 5.826240
219 5.824775
220 5.837384
221 5.857502
222 5.834735
223 5.860243
224 5.836975
225 5.824336
226 5.800657
227 5.835989
228 8.790446
229 8.834077
230 11.800363
231 11.778297
232 11.773183
233 11.767535
234 11.772624
235 11.772151
236 11.778522
237 11.785662
238 11.777814
239 11.775397
240 11.780797
241 11.693722
242 11.526932
243 11.365862
244 11.230596
245 11.082982
246 10.935208
247 10.791382
248 10.644671
249 10.502646
250 10.361494
251 10.227878
252 10.084719
253 9.951198
254 9.818925
255 9.688089
256 9.550316
257 9.419304
258 9.289086
259 9.155561
260 9.024705
261 8.893018
262 8.762141
263 8.631295
264 8.500670
265 8.370179
266 8.239721
267 8.108709
268 7.976075
269 7.844414
270 7.713459
271 7.582682
272 7.446354
273 7.310741
274 7.179642
275 7.042579
276 6.907147
277 6.769007
278 6.631192
279 6.498617
280 6.359444
281 6.199892
282 6.054469
283 5.917639
284 7.021163
285 7.025846
286 7.033735
287 7.020685
288 6.997793
289 7.053195
290 7.025948
291 6.996340
292 6.970511
293 6.996410
294 6.990563
295 6.958762
296 6.945055
297 6.979406
298 6.947865
299 6.933411
300 6.879702
301 6.828014
302 6.761348
303 6.694117
304 6.637539
305 6.560402
306 6.496414
307 6.420374
308 6.338920
309 6.273881
310 6.166469
311 6.118292
312 5.988603
313 5.890898
314 5.810881
315 5.725310
316 5.623208
317 5.498546
318 5.392227
319 5.313438
320 5.197948
321 5.007384
322 5.029111
323 5.053184
324 5.047103
325 5.048652
326 5.048962
327 5.035837
328 5.011961
329 4.986275
330 4.980355
331 4.957242
332 4.988552
333 4.968212
334 4.964917
335 4.972548
336 4.956103
337 4.931273
338 4.968759
339 4.962633
340 4.944822
341 4.921712
342 4.977940
343 4.973681
344 4.954317
345 4.926326
346 4.948677
347 4.926399
348 4.373880
349 -10.104227
350 -10.098545
351 -4.829181
352 -4.815996
353 -4.798267
354 -4.775999
355 -0.021667
356 0.024561
357 0.037905
358 0.047740
359 0.073459
360 0.057164
361 0.072903
362 0.082148
363 0.078712
364 0.097482
365 0.084964
366 0.097812
367 0.086145
368 0.121238
369 0.122871
370 0.119127
371 0.137311
372 0.120380
373 0.149160
374 0.140585
375 0.116146
376 0.133953
377 0.164497
378 0.334085
379 0.674342
380 0.989595
381 1.318367
382 1.646384
383 1.909794
384 2.050823
385 6.531034
386 6.561497
387 6.585164
388 3.120808
389 3.276259
390 6.217805
391 6.313605
392 6.884239
393 6.916897
394 4.225963
395 6.078687
396 6.197684
397 6.275434
398 6.344780
399 6.447575
400 6.539087
401 6.616250
402 6.698253
403 6.758062
404 6.842137
405 6.908293
406 6.974189
407 7.056963
408 7.120150
409 7.181632
410 7.242944
411 7.309437
412 7.367528
413 7.439160
414 7.494200
415 7.554992
416 7.617469
417 7.674218
418 7.731768
419 7.795268
420 7.853482
421 7.908808
422 7.966758
423 8.016106
424 8.047623
425 8.067901
426 8.082132
427 8.095117
428 8.116207
429 8.152721
430 8.243296
431 8.332798
432 8.422274
433 8.511985
434 8.601713
435 8.690692
436 8.779798
437 8.869516
438 8.958154
439 9.047038
440 9.135771
441 9.222193
442 9.310229
443 9.405107
444 9.492799
445 9.580732
446 9.670499
447 9.762600
448 9.859208
449 9.959367
450 10.048262
451 10.152998
452 10.243096
453 10.337376
454 10.428193
455 10.543536
456 0.000000
457 0.000000
458 0.000000
459 0.000000
460 0.000000
461 0.000000
462 0.000000
463 0.000000
464 0.000000
465 0.000000
466 0.000000
467 0.000000
468 0.000000
469 0.000000
470 0.000000
471 0.000000
472 0.000000
473 0.000000
474 0.000000
475 0.000000
476 0.000000
477 0.000000
478 0.000000
479 0.000000
480 0.000000
481 0.000000
482 0.000000
483 0.000000
484 0.000000
485 0.000000
486 0.000000
487 0.000000
488 0.000000
489 0.000000
490 0.000000
491 0.000000
492 0.000000
493 0.000000
494 0.000000
495 0.000000
496 0.000000
497 0.000000
498 0.000000
499 0.000000
